1.782636642456054688e-01 1.091576099395751953e+00
1.803673356771469116e-01 1.091458082199096680e+00
1.679579466581344604e-01 1.091371893882751465e+00
1.944673657417297363e-01 1.095891594886779785e+00
2.076866626739501953e-01 1.099446773529052734e+00
1.816651076078414917e-01 1.062977433204650879e+00
2.104708254337310791e-01 1.066495537757873535e+00
1.836373656988143921e-01 1.053913593292236328e+00
1.839222162961959839e-01 1.077585101127624512e+00
2.723188698291778564e-01 1.465820312500000000e+00
1.971793323755264282e-01 9.961119890213012695e-01
1.864468902349472046e-01 1.002400159835815430e+00
1.881983429193496704e-01 1.012658715248107910e+00
3.580154478549957275e-01 6.573554992675781250e+00
3.188898861408233643e-01 1.543601632118225098e+00
2.814722955226898193e-01 9.170695543289184570e-01
3.005837500095367432e-01 1.223803997039794922e+00
2.589568495750427246e-01 1.021228909492492676e+00
2.592650651931762695e-01 1.097756981849670410e+00
2.379854172468185425e-01 1.071471691131591797e+00
1.911648511886596680e-01 1.078722596168518066e+00
2.550369799137115479e-01 1.015207529067993164e+00
2.488879561424255371e-01 1.229569077491760254e+00
2.133142501115798950e-01 1.006463646888732910e+00
2.075430154800415039e-01 1.021982669830322266e+00
2.400487810373306274e-01 1.010952353477478027e+00
2.367365211248397827e-01 1.028603553771972656e+00
2.465160936117172241e-01 1.123346805572509766e+00
2.490203380584716797e-01 1.069140195846557617e+00
2.205113172531127930e-01 1.024448513984680176e+00
2.583746910095214844e-01 1.021544337272644043e+00
2.381946593523025513e-01 9.998119473457336426e-01
2.298754006624221802e-01 1.023262023925781250e+00
2.291671633720397949e-01 1.035592794418334961e+00
2.434962987899780273e-01 1.085645079612731934e+00
2.606599628925323486e-01 1.166846036911010742e+00
2.663742005825042725e-01 1.076773524284362793e+00
2.449215352535247803e-01 1.013720870018005371e+00
2.146465629339218140e-01 1.009994268417358398e+00
2.306943684816360474e-01 9.733395576477050781e-01
2.469803392887115479e-01 1.014612913131713867e+00
2.145924419164657593e-01 1.030566215515136719e+00
2.453715205192565918e-01 1.070257306098937988e+00
2.326329201459884644e-01 1.027076721191406250e+00
2.371297776699066162e-01 1.051721811294555664e+00
2.272277325391769409e-01 1.011302113533020020e+00
2.135142236948013306e-01 1.006435513496398926e+00
2.033235877752304077e-01 1.045573830604553223e+00
2.237587422132492065e-01 1.003540039062500000e+00
2.269687354564666748e-01 1.049527645111083984e+00
2.404208779335021973e-01 1.036471486091613770e+00
2.327657639980316162e-01 9.779620766639709473e-01
2.288017570972442627e-01 1.032272338867187500e+00
2.257922738790512085e-01 1.013339877128601074e+00
2.303611189126968384e-01 1.031911492347717285e+00
2.676281034946441650e-01 1.098128676414489746e+00
2.407457977533340454e-01 1.024080038070678711e+00
2.145098149776458740e-01 1.031452894210815430e+00
2.189243435859680176e-01 1.016298890113830566e+00
2.583882808685302734e-01 1.035604119300842285e+00
2.469430863857269287e-01 9.704460501670837402e-01
2.396861612796783447e-01 1.029130697250366211e+00
2.255133390426635742e-01 1.015551209449768066e+00
2.254894822835922241e-01 1.000327587127685547e+00
2.238224893808364868e-01 1.029853343963623047e+00
2.331176698207855225e-01 9.839830994606018066e-01
2.448767274618148804e-01 9.963050484657287598e-01
2.179815769195556641e-01 1.015373229980468750e+00
2.296004891395568848e-01 1.013840317726135254e+00
2.285957187414169312e-01 9.930592775344848633e-01
2.401816248893737793e-01 9.732509255409240723e-01
2.261444330215454102e-01 9.749364852905273438e-01
2.424586266279220581e-01 1.002339959144592285e+00
1.975839287042617798e-01 1.104575872421264648e+00
2.544378042221069336e-01 1.002543807029724121e+00
2.596232295036315918e-01 1.016893148422241211e+00
2.344810515642166138e-01 9.936788082122802734e-01
2.347113937139511108e-01 9.821338653564453125e-01
2.245645970106124878e-01 1.101556181907653809e+00
2.365799546241760254e-01 1.018493771553039551e+00
2.668103873729705811e-01 9.769118428230285645e-01
2.493577897548675537e-01 9.656493067741394043e-01
2.296420782804489136e-01 9.998209476470947266e-01
2.502109706401824951e-01 9.959066510200500488e-01
2.662222683429718018e-01 9.924128055572509766e-01
2.277517914772033691e-01 9.823103547096252441e-01
2.317907810211181641e-01 1.013628482818603516e+00
2.374798953533172607e-01 1.000894904136657715e+00
2.454952597618103027e-01 1.082145094871520996e+00
2.713528871536254883e-01 9.962460398674011230e-01
2.518272995948791504e-01 9.987239837646484375e-01
2.310269027948379517e-01 1.080863356590270996e+00
2.495953142642974854e-01 1.003916144371032715e+00
2.333203256130218506e-01 1.001498103141784668e+00
2.137041389942169189e-01 1.001771450042724609e+00
2.303306162357330322e-01 9.823748469352722168e-01
2.559705972671508789e-01 9.568353891372680664e-01
2.220212519168853760e-01 9.971983432769775391e-01
2.227243334054946899e-01 1.002956390380859375e+00
2.003046125173568726e-01 1.024189114570617676e+00
