7.252062857151031494e-02 1.535435557365417480e+00
7.014556229114532471e-02 1.490578293800354004e+00
7.746285945177078247e-02 1.456374645233154297e+00
7.688625901937484741e-02 1.473058462142944336e+00
7.224409282207489014e-02 1.460201263427734375e+00
7.336086034774780273e-02 1.454224944114685059e+00
8.126037567853927612e-02 1.559724569320678711e+00
7.198877632617950439e-02 1.456398367881774902e+00
7.260583341121673584e-02 1.473273515701293945e+00
7.027293741703033447e-02 1.459821462631225586e+00
7.324021309614181519e-02 1.458082079887390137e+00
7.000070810317993164e-02 1.474400043487548828e+00
8.921450376510620117e-02 1.457500576972961426e+00
1.192093037616359652e-07 7.971192359924316406e+00
1.192093037616359652e-07 7.971192359924316406e+00
1.192093037616359652e-07 7.971192359924316406e+00
1.192093037616359652e-07 7.971192359924316406e+00
1.192093037616359652e-07 7.971192359924316406e+00
1.192093037616359652e-07 7.971192359924316406e+00
1.192093037616359652e-07 7.971192359924316406e+00
1.192093037616359652e-07 7.971192359924316406e+00
1.192093037616359652e-07 7.971192359924316406e+00
1.192093037616359652e-07 7.971192359924316406e+00
1.192093037616359652e-07 7.971192359924316406e+00
1.192093037616359652e-07 7.971192359924316406e+00
1.192093037616359652e-07 7.971192359924316406e+00
1.192093037616359652e-07 7.971192359924316406e+00
1.192093037616359652e-07 7.971192359924316406e+00
1.192093037616359652e-07 7.971192359924316406e+00
1.192093037616359652e-07 7.971192359924316406e+00
1.192093037616359652e-07 7.971192359924316406e+00
1.192093037616359652e-07 7.971192359924316406e+00
1.192093037616359652e-07 7.971192359924316406e+00
1.192093037616359652e-07 7.971192359924316406e+00
1.192093037616359652e-07 7.971192359924316406e+00
1.192093037616359652e-07 7.971192359924316406e+00
1.192093037616359652e-07 7.971192359924316406e+00
1.192093037616359652e-07 7.971192359924316406e+00
1.192093037616359652e-07 7.971192359924316406e+00
1.192093037616359652e-07 7.971192359924316406e+00
1.192093037616359652e-07 7.971192359924316406e+00
1.192093037616359652e-07 7.971192359924316406e+00
1.192093037616359652e-07 7.971192359924316406e+00
1.192093037616359652e-07 7.971192359924316406e+00
1.192093037616359652e-07 7.971192359924316406e+00
1.192093037616359652e-07 7.971192359924316406e+00
1.192093037616359652e-07 7.971192359924316406e+00
1.192093037616359652e-07 7.971192359924316406e+00
1.192093037616359652e-07 7.971192359924316406e+00
1.192093037616359652e-07 7.971192359924316406e+00
1.192093037616359652e-07 7.971192359924316406e+00
1.192093037616359652e-07 7.971192359924316406e+00
1.192093037616359652e-07 7.971192359924316406e+00
1.192093037616359652e-07 7.971192359924316406e+00
1.192093037616359652e-07 7.971192359924316406e+00
1.192093037616359652e-07 7.971192359924316406e+00
1.192093037616359652e-07 7.971192359924316406e+00
1.192093037616359652e-07 7.971192359924316406e+00
1.192093037616359652e-07 7.971192359924316406e+00
1.192093037616359652e-07 7.971192359924316406e+00
1.192093037616359652e-07 7.971192359924316406e+00
1.192093037616359652e-07 7.971192359924316406e+00
1.192093037616359652e-07 7.971192359924316406e+00
1.192093037616359652e-07 7.971192359924316406e+00
1.192093037616359652e-07 7.971192359924316406e+00
1.192093037616359652e-07 7.971192359924316406e+00
1.192093037616359652e-07 7.971192359924316406e+00
1.192093037616359652e-07 7.971192359924316406e+00
1.192093037616359652e-07 7.971192359924316406e+00
1.192093037616359652e-07 7.971192359924316406e+00
1.192093037616359652e-07 7.971192359924316406e+00
1.192093037616359652e-07 7.971192359924316406e+00
1.192093037616359652e-07 7.971192359924316406e+00
1.192093037616359652e-07 7.971192359924316406e+00
1.192093037616359652e-07 7.971192359924316406e+00
1.192093037616359652e-07 7.971192359924316406e+00
1.192093037616359652e-07 7.971192359924316406e+00
1.192093037616359652e-07 7.971192359924316406e+00
1.192093037616359652e-07 7.971192359924316406e+00
1.192093037616359652e-07 7.971192359924316406e+00
1.192093037616359652e-07 7.971192359924316406e+00
1.192093037616359652e-07 7.971192359924316406e+00
1.192093037616359652e-07 7.971192359924316406e+00
1.192093037616359652e-07 7.971192359924316406e+00
1.192093037616359652e-07 7.971192359924316406e+00
1.192093037616359652e-07 7.971192359924316406e+00
1.192093037616359652e-07 7.971192359924316406e+00
1.192093037616359652e-07 7.971192359924316406e+00
1.192093037616359652e-07 7.971192359924316406e+00
1.192093037616359652e-07 7.971192359924316406e+00
1.192093037616359652e-07 7.971192359924316406e+00
1.192093037616359652e-07 7.971192359924316406e+00
1.192093037616359652e-07 7.971192359924316406e+00
1.192093037616359652e-07 7.971192359924316406e+00
1.192093037616359652e-07 7.971192359924316406e+00
1.192093037616359652e-07 7.971192359924316406e+00
1.192093037616359652e-07 7.971192359924316406e+00
1.192093037616359652e-07 7.971192359924316406e+00
1.192093037616359652e-07 7.971192359924316406e+00
1.192093037616359652e-07 7.971192359924316406e+00
